64630.900486
49447.194642
32908.659017
83148.799821
69034.149429
27928.333409
89262.916927
16006.485745
15817.249473
86763.373376
61295.344841
58341.499018
58254.295467
37545.637051
29697.900598
31655.650966
58364.122381
41783.934331
78170.335741
59962.236622
95353.717207
76217.060238
84660.916435
79735.519487
34480.884447
16316.574346
96847.261805
41350.103321
59807.484058
68749.433920
3456.850437
24437.384544
18195.628515
36364.509454
7585.184319
87228.777991
64291.842863
96847.101245
3234.263690
80108.092382
83609.474621
64528.608577
38448.591354
41862.770042
2073.245582
68145.491952
73517.421008
60436.367963
9928.426237
51686.756702
20397.604585
5281.143398
27902.816940
5057.520973
85015.662931
62382.701387
21373.095319
81861.924690
3731.804661
81179.579378
50610.358563
7187.655098
5615.963875
68804.987125
43551.164552
13200.148240
56032.765070
7842.007415
10046.249439
59266.028759
87949.099798
93654.724060
23793.637290
26396.691105
35516.494056
25865.882919
94541.183104
9032.915017
86301.250881
4468.609294
60718.671765
6697.855420
9748.752738
88620.488705
11754.376393
94763.415669
51002.190045
33126.471712
76624.340313
54732.994707
14305.051089
27233.698829
61919.649851
19920.014964
96037.685955
5469.814357
33119.163204
52069.450978
13310.821772
43164.412690
11334.479738
1258.921523
36818.136703
35127.117028
27654.612675
72333.630806
60991.999947
22194.795732
81365.545823
47292.250828
26662.405026
42083.217542
53989.106248
36410.157764
30702.706200
65742.482687
31172.573387
81703.896246
98867.954399
7795.913653
36435.890952
13172.005441
35028.612529
98354.540803
33091.020452
31065.298437
3823.355114
66209.183657
83133.749462
17133.176932
9372.596300
94467.229200
18391.098456
46189.733050
29593.346181
46044.711131
18522.363809
90584.346174
68238.506863
99886.909632
37875.596956
94899.911936
41969.127173
91863.703204
31309.069653
72670.833374
57605.185845
62480.643087
54373.729619
56472.140243
70275.556740
90808.620571
69643.145685
5303.169223
89162.161328
2733.166090
36367.467707
92984.516442
68941.349793
19500.217123
10116.693328
78312.946093
13966.446276
28506.791830
24501.679096
43558.792457
74550.502961
43023.042905
34142.138584
42788.009824
42908.952537
72016.735541
37686.921713
84877.079711
63879.438745
68994.991366
57546.913038
21483.624543
31474.634407
11919.642610
77954.764786
1749.191147
2727.263135
47596.910471
7051.360370
91888.424463
50329.076561
43417.828077
84871.940905
19269.426308
62917.045200
94987.634233
97581.372448
76882.491475
23493.426017
22082.051498
20440.283932
98042.929024
65104.094450
54581.422516
40829.938801
8012.046940
26597.158057
78515.860514
92888.126651
90475.596801
47509.851833
50434.039642
11958.221298
78983.486287
62352.682299
89911.986130
80731.677434
65078.945434
37507.896554
87782.037804
56966.369897
87835.973115
31198.865881
41837.310756
7104.399423
94114.911080
36823.944943
4684.771825
70996.402555
60316.371007
26765.823323
91435.686487
58358.299985
91868.917772
46016.108957
99187.238786
99879.964713
72612.267014
77702.099253
92767.091317
63086.863769
25210.951040
43200.130959
75044.085113
4193.437280
5551.813212
64955.071196
84924.114714
70629.758646
2461.967704
72705.152517
27595.128497
90296.940819
3903.018351
69431.439253
97400.340243
98016.929432
6254.384196
2084.112021
69012.331941
66569.755203
28848.935390
60447.018381
24927.055141
20716.853116
6462.127338
24113.293880
20595.817829
79073.394352
1814.393087
13361.909099
42159.258121
27024.344127
56561.040059
17202.343187
31216.781454
62111.853271
82156.414383
16139.896121
32740.611917
84617.382087
88844.048638
60334.740413
74913.322860
92746.066990
29765.179666
72312.663103
90761.996421
36018.563863
74395.775124
59773.328315
2587.319019
3243.710467
20219.346696
27513.374161
23959.563630
26680.474035
51625.668041
44554.381458
5752.868340
53439.061128
57915.290558
47911.126461
80462.405255
14475.330616
65112.469647
11678.186662
76586.183887
47267.883984
27817.082830
9325.795757
31884.266024
16660.131421
69659.536217
6796.588884
9405.198411
99423.715883
79108.251986
166.194785
35441.279700
53503.027063
59938.523100
38027.598719
56745.737577
80156.869797
65539.972880
80704.301207
6836.343785
17164.640874
25257.682618
12588.212172
70602.702002
83171.973176
60498.338632
51064.107211
97646.303792
25609.808280
62741.293919
74231.487679
72876.692264
90557.376749
83556.283436
4759.958288
7216.508123
53214.819607
11555.547172
16620.706534
52637.535444
90662.799158
16785.901319
88077.815143
44164.826175
76723.424466
26104.413816
909.563706
56879.294217
91643.386695
81612.864912
63714.638048
8807.027523
6869.547484
76301.850220
79408.729525
90040.520706
36799.188806
30471.836736
87685.824452
62407.997086
93212.130655
61916.312084
35283.689349
83768.507357
45471.595521
40042.647637
90984.015481
98685.415127
51597.194809
7603.722015
51321.950571
42258.993921
24388.623334
39398.765668
86422.820096
1111.047754
65502.179530
87331.383848
57989.342018
57144.566179
68943.248714
21702.980020
65950.593748
75811.796244
98003.830240
45358.323226
65851.316903
34802.018999
75829.159962
53536.141309
97209.016132
69040.290570
15451.453393
32491.705434
52807.797881
60922.048914
72533.353072
43790.813362
59606.463994
24129.547834
51393.535377
10927.414519
66387.541755
75781.158711
50325.180233
52809.361804
76891.206512
15826.359717
40139.745606
34879.548484
72969.925896
9081.994320
56581.528504
38919.519597
84892.790564
54584.358697
84276.842870
50743.107421
89385.377696
60105.002785
4278.248683
86593.393781
29144.293355
19728.702075
19084.099169
81951.091236
80649.750989
91616.452241
25740.904552
40255.214984
15745.000029
77133.439929
51181.629503
82131.541784
52913.598640
1505.809689
34939.903588
29803.805106
17331.169406
75078.649194
64682.353590
90300.095349
84159.643514
21262.882047
29218.614899
69051.434031
75846.240744
13494.457722
19793.541405
65230.618393
73598.460554
24070.790134
51823.012175
2741.753862
43798.492210
70906.111344
84691.845099
24447.243199
62521.563585
10431.749650
64701.458182
78265.563614
87564.189579
15882.087638
60396.105398
40476.788173
17386.897374
95335.008986
70279.593279
34717.066781
70412.658134
34960.946822
25016.162083
54571.301648
56222.828869
54233.777028
23621.735632
32068.069566
67727.234751
43414.277084
97297.688006
41324.695258
67484.067218
49119.700134
44065.449120
11281.559381
20024.811432
28756.294219
35727.802580
82545.375017
39187.043869
428.260716
60809.938630
26750.233402
16309.348401
21205.043981
67226.021621
33695.245775
16539.052921
37504.614853
68411.312556
86950.711054
72464.561721
93426.474685
41521.012655
28686.390544
47659.251667
65141.748334
60753.460156
15385.486371
8555.025371
58050.148115
56709.181676
76038.092589
7168.848203
773.630750
87318.651970
27192.659635
29528.924969
23045.454550
9737.034651
68714.968838
23472.715266
70545.973281
95464.202286
39781.063666
91750.017263
62689.223861
73475.309441
8288.070137
192.838667
41885.621997
95237.781191
72656.400388
35311.096636
36757.793846
1341.790932
82969.348303
1898.542133
62094.251088
98353.834675
10452.567504
20143.399157
55062.016304
86489.660093
27311.247359
55834.647100
73807.312016
54502.906994
85362.572069
96851.766566
64238.941645
54076.540907
20323.481832
34783.914880
49539.743146
60103.545498
26532.932096
12227.966960
33577.854939
34820.002233
12419.805627
75462.476937
30056.783424
85075.206062
10772.573526
66813.577269
86415.996994
93740.921830
68711.119402
48509.248035
92093.756458
79162.686906
68651.647192
47154.772762
65651.346952
95961.894551
2988.419815
39457.658922
50463.801499
88349.991884
36308.425488
14701.743144
42425.532744
56630.907320
49484.658024
91964.275891
16733.452771
76016.590167
4191.242805
50310.307710
10835.592353
16610.048479
25771.784601
40891.375777
1684.254494
36543.358127
7703.952999
88099.251488
30283.279910
76414.072402
36607.499477
22376.036367
55575.759261
5258.146622
69529.809129
21226.106167
1219.041126
72517.228944
60682.765136
51681.842625
60866.220782
96990.190624
66382.585769
3290.753526
53620.097897
15866.243792
95254.029417
70352.550668
91881.833959
99444.272268
20661.858378
2716.426266
16053.320700
46432.642979
43606.802089
17736.575194
82975.001152
51309.755088
5834.826636
13257.281015
27722.827490
42441.326113
35632.317383
83297.586752
47698.472734
5161.126465
4522.692919
48916.513860
77677.355409
65204.458055
597.356439
38542.576191
62193.648632
66978.942254
41832.329717
15812.746482
82844.186046
37085.359088
86164.297149
74725.019959
36528.631309
6825.155481
77440.446225
52580.952009
53256.798506
21046.248267
70316.527204
36230.799612
72355.003402
76150.353840
49487.080627
76.830845
18590.679905
85118.398056
83373.417597
66288.152640
90278.524521
87895.110516
15203.666454
67954.879930
53098.568524
15800.022939
6496.456075
15291.217109
82777.965193
48327.785792
31102.963590
65621.151193
85412.144879
17266.260740
40345.171105
21939.776189
24090.416221
17784.617283
74519.728198
77346.214727
38829.865596
44835.255401
13576.014292
11183.868952
20984.609194
63062.094965
11259.699797
39574.289146
48179.492975
94632.117394
5861.441740
38457.017449
82526.227909
21064.108240
6410.897332
35623.796386
36863.131179
12906.353407
50914.013542
19640.096325
61233.139199
82015.977132
85260.247518
46644.284078
99281.237872
25604.418576
68583.060267
23370.654093
43388.035859
43101.788418
715.868773
82216.901456
87936.043819
14290.883112
93399.770407
8919.653014
77351.978077
4658.470158
48492.942160
25530.471005
99289.587598
54353.383900
63986.488454
81814.815460
75416.492139
70396.385833
17437.611800
12278.623272
83301.739240
68350.625342
31917.719597
44533.878438
50365.602474
17176.967068
91177.162516
49645.840299
42780.385644
59759.222736
73015.494392
86167.421550
2860.011108
73730.363211
68383.322960
90795.054973
88020.246323
61782.093367
99713.707987
65371.224354
66439.563525
48205.650100
90900.695359
65728.151076
2558.033954
54886.183766
47541.966490
77973.526140
25281.569552
64978.578337
90251.149411
8582.308792
33328.203632
22167.869008
53115.187230
83692.806106
39343.836076
44291.349700
33337.646405
82123.221767
4049.572389
6352.140750
68289.643271
6908.583497
80081.503961
36671.966184
97702.638470
68100.750238
98453.059551
97415.346411
33470.974545
64891.623076
45619.996464
24370.669857
30618.774106
48177.030465
79255.853669
78159.740643
26149.556558
4536.423175
43137.318933
16399.705922
13117.731966
76464.522565
38566.574930
66231.919196
60156.328671
77909.411053
10522.268850
93492.975075
60031.632773
14570.841239
99844.115825
28320.275998
21478.424782
79924.619786
64991.242182
19180.063206
48024.369977
63443.301733
16594.409617
81494.344568
28333.924763
62213.406081
5864.014379
58951.698869
10389.436499
85118.868048
37110.439465
36537.993057
89654.291269
80246.758398
52936.699026
2771.023189
56710.280962
91502.273956
69001.942432
16865.609586
69410.684962
79523.211281
10357.584615
29441.317689
94093.052567
10200.700394
57760.593687
15570.477303
90124.320180
22750.835869
34749.540509
38147.690157
86193.137602
51342.950126
19641.034679
14526.062318
13555.356207
25504.049058
73476.761187
23943.792706
10621.917105
10586.200652
60480.785810
275.208328
90831.959049
13416.484789
3045.231517
47541.239965
4917.758698
72046.173949
64405.849552
74327.443707
51568.385230
74762.434167
3767.761349
45660.437750
84962.134607
61527.355083
61229.915053
75085.454741
84277.190952
95978.455562
13232.144852
70469.328507
47320.405688
32872.179531
84994.390825
60874.761895
58375.228635
58470.151966
84817.554601
68996.145740
69055.352617
45297.340364
69270.354068
59886.311667
58712.825152
72314.585585
7426.551586
63629.583897
44359.759534
71831.401184
37956.027557
95927.144764
46592.835304
41722.788906
41586.582468
31553.969865
3249.143943
2815.497474
6638.424606
87525.334894
98792.953036
19869.569458
57993.663355
46112.358677
52740.749035
42987.054133
6986.120525
11114.977624
1456.206099
91802.675172
80110.123364
70510.558716
37099.015490
49379.477386
30395.870336
95810.840688
21693.062924
37821.421969
59439.424539
66051.822458
9651.823106
97394.452096
61977.967175
56243.658410
39116.240955
3563.549596
87796.628322
42364.384945
6378.047070
94434.052928
29888.719792
5170.000106
14302.622340
87881.383193
51281.358784
67042.371375
30867.437280
58266.479355
78156.348999
32322.643379
50068.154481
58265.472316
2832.202095
87166.169971
7643.949655
33227.072431
82976.010613
29336.012627
71047.494400
42414.435104
95386.835085
80698.317506
39807.887153
57363.802260
36940.975916
78923.128155
60926.351857
24736.604192
21286.513053
67303.398974
19169.657073
51174.232846
72472.399080
33471.279413
39054.615992
23752.757817
512.650788
69921.053319
82018.237172
78667.999786
2242.696651
32085.391607
36932.472103
5073.898746
19250.561578
44575.421758
38299.971224
2225.572144
73910.434385
9346.465577
44639.007295
69296.269469
90043.783129
84445.894448
26659.071683
26983.758998
63368.022557
87584.423540
51719.363190
84653.535610
54886.822467
