87.213461
324.001542
405.275992
32.236323
249.518350
833.643903
561.212597
977.334256
40.988682
488.606987
13.110417
406.749491
173.530075
166.655109
551.612976
670.142347
155.473137
339.352443
886.396784
741.680715
298.187961
176.517055
392.216465
221.318983
821.051489
878.808564
790.710370
364.233834
969.284872
632.097032
468.665819
56.498332
956.098573
873.941812
88.734656
205.616923
707.585715
649.947253
182.951179
748.574397
138.554239
196.061596
155.323888
312.084315
362.716705
706.936864
982.226662
518.189843
46.289307
868.623446
259.870557
344.477268
45.140500
652.087022
565.796250
866.191989
530.895586
356.506620
230.425823
500.180457
988.603652
699.091642
556.678789
944.702225
573.033453
645.413445
150.319147
280.619168
295.360698
333.270326
29.193565
433.914937
529.331923
184.517453
745.999252
892.048628
891.454318
728.225914
410.238470
937.743625
596.849360
670.109027
282.220892
641.989861
322.196050
848.017143
508.181849
853.091636
204.523762
738.607672
353.272092
193.127413
437.699314
909.950882
137.829638
10.732767
555.364326
288.148786
291.351935
850.725024
621.419112
320.545499
284.639961
150.751035
505.062953
30.639213
42.799662
396.517270
758.865127
453.038132
334.260894
355.714487
123.147159
616.481786
997.704348
445.343209
464.498928
505.886197
298.434844
669.022690
244.493869
651.706937
862.150104
682.193183
561.657818
999.979742
692.925949
117.022144
288.128527
984.277884
967.747169
909.547640
304.823383
252.387129
60.298674
809.886336
283.026342
103.098337
206.403606
41.891469
556.136469
540.664500
397.605957
679.283629
157.146286
395.310304
124.626838
621.645214
901.196501
423.061682
290.667904
145.690369
74.768619
152.818007
827.883552
636.426437
152.797749
520.809502
753.448581
440.926276
505.087386
721.195749
350.473916
809.910769
973.582878
410.772590
619.797105
256.609220
513.870927
826.200711
298.500690
70.007395
366.865211
696.106647
749.291025
524.011497
91.416950
873.917862
145.656710
992.613452
296.979544
436.324614
138.303821
371.748163
589.142622
966.187373
8.174599
741.940371
486.996874
761.623180
182.866647
992.084260
482.818929
533.340563
801.995029
456.401807
944.113153
421.792134
713.011027
457.984080
247.992844
11.511717
527.991476
614.858055
707.618363
277.282500
138.869552
799.035313
151.200362
284.526262
791.648765
448.179906
720.850876
929.952586
819.928069
309.993498
896.139959
828.102668
51.933868
383.136833
589.725847
234.800515
375.221093
72.544775
768.141078
177.216122
528.946582
712.254231
599.008255
241.957609
170.238311
847.001100
253.469326
698.229786
461.859155
961.087689
975.512286
600.728707
760.123002
126.712647
885.254969
551.771766
574.892553
606.105845
481.724351
394.820621
916.099342
377.864310
222.923289
968.033211
761.001143
812.649136
202.833725
136.222235
885.193912
970.974803
313.438357
414.140494
683.229034
912.446612
656.098103
853.467345
759.447712
909.567429
551.697131
221.306867
870.655117
527.209417
822.035573
630.778118
653.922065
707.290542
182.549884
228.814617
313.396386
664.274235
623.635239
229.495729
42.138544
846.558527
197.528939
803.139687
659.207663
400.362665
939.361922
544.401575
371.337468
252.800279
958.542068
54.566502
165.246890
614.640171
908.033847
924.694602
524.207599
459.730978
146.001468
394.862716
986.940395
968.037042
25.640834
640.862459
675.327584
208.190717
869.677077
988.723970
872.464953
493.312315
218.219699
914.603497
339.870843
415.748638
717.743184
999.078506
816.111303
657.105107
543.480080
187.448771
909.905386
502.022148
242.015272
75.152276
116.662319
150.049119
999.846878
640.869918
609.780097
145.848346
35.732633
596.720492
113.885388
61.373467
237.582950
789.212972
269.564184
107.260027
777.936943
142.029137
600.572343
996.156642
56.632634
940.443186
411.905280
774.375819
939.521691
228.016583
431.480925
483.001771
415.465354
341.386310
985.023919
657.480626
416.538586
101.686238
807.529746
416.385464
742.556156
417.309842
562.233811
778.288789
14.030334
676.119199
839.662257
251.613285
465.332171
109.226441
358.873312
243.269113
251.255578
959.445654
239.425755
307.888212
899.888840
651.331035
82.264030
839.410530
879.347618
513.744956
322.412301
294.812971
855.131266
307.436220
952.293598
271.669851
409.122458
759.823343
688.055315
151.678613
177.133185
250.289126
929.967403
191.163519
926.408325
769.629659
442.776804
391.740496
878.856100
801.650115
635.009610
130.111678
761.095770
874.435365
437.999890
660.984609
525.766400
520.263920
500.395139
405.114018
34.008876
822.807440
699.926989
889.140142
130.243660
652.220586
160.809992
539.366118
412.043929
848.865308
691.044732
589.177114
99.154434
621.012134
780.340633
25.562759
390.641793
223.117436
417.303255
269.497893
24.767551
52.312864
399.609571
785.863321
926.748229
837.609461
446.847929
452.514629
357.873380
947.243068
857.628646
391.882256
770.050508
557.555635
281.022397
900.294168
209.776221
441.832390
439.660286
621.820150
290.697698
130.705017
210.997264
389.852131
751.717151
991.337897
415.414890
142.358944
214.455333
832.718145
411.856837
239.222884
885.031009
811.466408
25.086205
811.779238
649.075868
471.934134
264.293866
6.949248
419.177202
121.922513
398.831505
189.227710
679.478147
679.853902
89.521877
889.254368
121.686291
529.182163
511.074518
412.383990
659.887180
722.071782
802.236121
411.604332
713.409678
217.651011
553.963276
927.865011
50.369156
965.820114
167.087895
935.400165
777.286521
192.174100
747.179402
426.362389
664.108234
11.473269
433.311637
83.285436
133.395781
832.143142
272.513145
812.873929
511.997043
362.035022
702.128297
633.683335
891.217186
213.202815
46.067324
551.104365
935.274596
848.303446
962.708697
648.684274
65.954456
516.671973
576.549285
116.323612
482.492086
743.637180
51.723776
259.778606
935.811280
798.903179
686.140995
599.919514
810.376448
119.452632
683.204950
943.772229
951.595774
955.718095
756.646157
463.592817
317.753117
458.774454
97.276152
208.970302
671.977268
143.343476
760.074668
607.251865
991.646921
722.783364
255.936138
57.601377
239.455336
832.485424
173.924989
721.947422
576.122604
225.648765
981.726028
511.933884
24.551943
667.867023
111.853398
834.928391
787.319656
795.058347
778.700619
738.915429
750.776442
535.346776
202.508246
68.529558
994.121230
299.784398
277.499860
666.098498
443.127874
37.574527
273.350362
434.774795
760.357892
529.286501
492.376172
999.813227
361.771925
666.301161
721.760649
937.894529
891.949926
703.486677
449.828413
916.501869
371.353700
561.681810
751.430260
158.673355
356.740157
530.130879
897.588785
107.516598
65.477654
100.097031
176.046157
59.598884
399.881429
453.546018
725.697383
843.009302
491.120545
999.047745
277.784097
251.478436
528.334246
770.160269
251.291664
890.106171
436.461429
973.052313
828.000699
328.411355
676.538989
277.829111
244.913224
47.892689
839.510922
996.343484
206.566045
196.251079
526.474362
104.154829
303.767677
591.952016
204.251860
479.813834
651.550901
604.133289
933.359852
377.248283
447.142591
424.480397
376.296028
724.926688
675.958833
904.630274
495.086957
927.250497
794.736444
931.548386
900.302809
622.737143
259.959740
576.841797
900.566255
504.872964
624.734486
740.077176
501.216447
831.300531
936.328255
27.690809
935.455360
240.095931
619.642825
139.707220
719.909766
271.193726
743.840509
653.269617
648.442009
190.983100
77.750014
24.738037
915.909789
753.708847
929.368311
410.996745
680.959343
724.104754
342.545130
581.262151
346.841897
602.504870
158.103948
247.408151
107.377834
782.838434
987.485327
608.594281
614.138965
923.813581
636.285090
549.594325
163.909513
255.927914
689.301546
883.819278
527.121641
433.142055
537.088895
175.563649
624.125155
614.838909
200.301685
540.034944
368.547755
129.669996
951.031688
49.507098
853.774750
293.576818
630.769249
200.616647
896.081688
788.873197
448.024798
3.459521
571.711631
435.510126
612.053802
185.850596
359.323707
248.338891
735.444921
523.233219
504.266806
424.746467
407.052498
31.388446
857.888522
944.141393
206.952095
482.013677
558.980302
407.253781
22.048621
927.528057
536.923777
973.080309
977.035155
390.698527
266.657126
607.804403
591.315174
162.738814
396.677600
39.339972
166.198335
968.389231
474.850097
778.252138
154.239826
834.173805
26.591029
889.684748
357.407023
530.857835
314.431214
764.459521
562.246281
172.319736
708.600914
769.198377
654.333413
267.581215
176.452157
676.382034
195.109272
713.375934
649.462343
172.144426
104.074460
916.119469
779.948830
695.389634
78.858283
176.626429
734.729606
245.056619
145.015660
209.579703
23.308756
299.255486
43.753507
49.899784
188.940234
401.160531
580.757620
503.371448
165.620051
143.003900
675.691184
874.220965
912.202277
330.024597
141.802180
88.654433
6.406631
336.911452
802.030368
655.868974
509.055878
906.104828
571.988443
289.004707
601.494462
650.846727
465.631136
336.224067
895.903345
610.646796
545.803770
919.212101
909.902282
589.557278
969.111885
98.842516
990.717809
549.869505
602.213964
156.337860
692.873405
277.905148
30.558825
605.075681
607.929745
172.361005
693.730115
614.336376
509.272456
495.760483
270.205350
18.328334
401.865310
842.193793
307.333041
3.359771
493.040520
772.964178
339.583838
388.943864
383.610974
885.387609
308.155965
293.513256
474.944886
277.267850
392.355772
465.662694
827.137355
994.569736
622.000554
520.010759
272.474883
652.559379
125.086441
880.404628
824.920384
818.816556
494.741004
334.192840
314.577038
764.946354
352.521173
716.442348
607.140147
659.854215
719.802119
100.180667
432.818392
59.385957
489.124531
816.429366
944.773565
797.280496
109.942622
419.718451
74.548346
502.298394
885.381145
901.685701
496.868130
507.381699
421.696460
769.343013
159.941078
546.782901
649.747641
984.861461
365.599456
144.488645
319.054301
680.176494
909.434999
671.575474
396.618842
516.575146
331.429688
116.420961
616.755813
764.248081
175.806918
105.880344
580.677447
120.580483
903.160841
690.620069
540.298934
977.709187
192.918463
425.680079
879.394887
689.786593
933.061779
301.091347
459.129606
93.002856
847.874247
108.877247
77.864317
213.473703
253.365892
396.918617
893.650198
162.800890
68.494091
290.269040
679.376037
399.923780
406.690000
296.131850
164.171861
582.496918
402.012194
744.849308
703.077401
305.173034
435.469377
243.376335
282.882221
628.387840
669.056414
162.277108
318.174433
602.118193
463.368454
777.304040
695.121049
311.242702
886.181286
772.985366
524.716405
139.547178
169.903983
418.366603
302.348069
238.398074
708.635643
981.724106
638.321854
115.325642
277.855956
802.493715
697.822561
679.868150
547.343022
400.899962
985.041185
982.812399
644.276297
267.923405
611.200239
313.332711
430.200513
929.374672
915.450904
893.568967
706.678712
610.571953
204.811669
592.859998
383.557318
729.528074
732.407176
553.461301
147.894676
34.755244
791.859376
856.530318
16.479350
430.181230
971.855961
294.335305
232.674945
669.678522
974.203456
780.017967
70.578483
959.244640
762.830366
714.854780
227.168045
374.030605
28.187491
657.368558
303.405277
943.638395
550.937525
10.083988
554.210347
755.749193
602.943986
937.767666
485.277266
335.351161
491.228967
633.171943
370.106406
283.088342
489.702261
386.585755
713.269573
461.558222
680.921061
945.944517
131.236743
655.124517
725.962484
201.815226
614.369156
488.792850
916.670006
841.537201
862.823455
944.857497
498.905758
166.228731
888.495891
49.843282
176.312719
442.706238
805.592476
779.256704
380.473904
290.869742
114.607865
871.702870
924.041685
484.714271
154.791213
413.743945
871.300027
868.060785
875.302168
552.221088
814.005303
6.538910
207.345604
539.967786
208.354136
821.714760
28.760636
125.024141
663.251960
891.584090
69.881638
162.157718
57.812821
958.377529
212.001001
234.125539
401.083767
17.593476
13.382243
781.557670
308.463219
127.990109
653.260541
232.504903
612.704380
808.051753
646.248849
484.004406
676.112538
521.551016
36.225493
490.117840
528.089926
243.571097
30.085627
736.444062
65.285856
58.846262
861.468204
728.537816
950.430353
931.349842
890.695534
8.243173
889.727370
102.696535
242.368713
290.811137
120.290011
255.750957
72.368807
428.753230
383.741065
725.629347
661.258133
996.445445
533.681100
307.506982
480.449850
209.793638
829.057998
516.675344
699.911478
357.147924
760.246440
729.997105
93.591986
825.532296
788.843368
955.060190
554.070112
739.273720
886.410031
444.765646
747.516894
776.137402
547.462181
989.885607
66.948538
667.752192
245.636563
139.317345
96.505421
629.377629
864.946693
757.763555
625.823073
398.627792
65.270537
106.272923
608.421430
894.328535
622.948267
308.332909
251.476459
383.194707
38.330013
345.068445
208.727003
827.173381
300.128635
762.797115
566.447100
186.538666
207.562761
313.963994
962.676068
755.024941
303.849600
29.624606
422.777133
549.486164
168.941951
519.282554
178.863792
33.888643
277.046109
804.686865
432.516435
342.316645
910.959788
40.937865
236.645180
533.908055
349.270774
488.121639
917.102762
387.600787
833.190084
125.829764
214.774167
133.318718
888.626879
781.221268
319.857384
96.189640
95.185262
282.533452
851.214581
399.034862
312.158057
273.991713
948.521026
481.100008
793.274267
127.384817
514.988651
70.320376
932.071682
947.505086
412.637021
843.031470
988.442952
649.282201
376.939525
337.713725
137.403839
294.042286
725.314512
970.593923
419.872051
940.088680
103.912641
308.498930
721.309948
423.770026
404.688569
816.495209
706.303477
255.903150
215.530071
18.461534
529.894863
164.051097
499.561542
323.169130
291.435914
14.550193
393.489506
223.507596
962.055279
806.126527
66.539066
950.498231
455.408727
443.478591
288.211955
592.812567
737.520878
13.526468
563.406490
157.392928
953.615148
667.319130
465.891858
674.925095
91.089156
870.580427
491.420304
797.392633
126.483576
706.950375
815.854167
656.378439
871.001472
315.415709
979.547570
162.437386
329.965902
373.037075
385.944982
292.021181
179.163601
452.484049
242.519411
634.572329
895.962640
530.731367
227.384895
633.483517
544.257835
790.791385
790.876445
497.872982
458.110515
256.768303
172.798076
549.199671
127.348729
664.218380
346.592304
253.832306
371.168754
162.446471
910.210746
242.170226
477.862180
889.758315
404.607612
807.828083
262.795390
790.552594
99.849263
441.958991
243.036643
342.368675
76.531320
138.999282
873.100042
303.916215
772.482800
417.357877
94.707600
563.359245
915.230859
552.818115
820.127547
88.028934
102.017785
947.476277
752.247314
448.610089
201.308582
123.416068
611.056560
111.519327
365.586294
88.918740
1.277642
770.193906
896.746823
264.073032
560.746500
996.596086
706.032023
803.783143
338.964760
782.563343
942.782425
212.064802
86.479558
715.265225
629.422679
181.187158
278.624469
544.653537
734.005273
98.752015
632.682471
836.023059
46.228291
384.929785
284.633148
247.536874
508.345854
895.689708
359.056201
873.932148
984.608448
360.333844
644.126054
881.355270
624.406876
204.872553
877.951356
330.438899
8.655696
216.916116
113.002242
951.438121
428.980918
199.481800
666.703345
58.403597
380.668958
945.327814
603.057134
114.674231
44.079829
235.739606
950.697289
90.308120
620.669391
235.330437
337.844994
129.015244
131.020145
696.901195
2.947392
115.628592
57.235038
647.073446
996.983862
681.641914
851.945999
874.935218
12.080813
860.601695
91.851333
125.083054
812.039815
520.832252
324.564854
478.743160
579.235849
705.233812
424.070973
182.292983
819.908043
468.150802
418.032589
770.605332
558.458922
38.701979
5.935768
896.303915
167.717224
136.955913
593.205110
170.664616
252.584505
650.440149
817.738061
249.568367
332.082063
669.684060
124.503585
344.162876
530.285754
216.354918
469.245930
342.325569
737.187170
793.810785
821.068729
316.423019
499.044596
245.139701
498.716002
318.952639
713.290503
916.748591
89.557970
271.749424
955.450570
95.493739
168.053340
123.167794
232.449651
761.258450
293.832409
485.034157
411.698599
111.570471
734.602524
743.780662
781.254530
859.106108
87.943537
311.540284
75.461026
557.189468
653.865853
812.648196
351.000252
474.934582
129.071215
850.044848
720.074283
627.787217
168.997487
433.364786
544.535807
258.555457
705.114211
499.986377
354.049196
873.167551
623.154171
586.498847
634.426000
916.986580
71.533003
46.124599
28.557051
806.135528
789.905261
809.811581
665.241636
877.848798
121.351865
740.702662
435.038266
775.217718
553.350858
786.038518
250.152300
682.422073
636.083366
970.226584
310.209289
805.080853
403.591369
854.745096
63.636309
108.705580
354.731473
417.685505
981.873131
977.885644
4.184352
616.299131
894.872225
75.717356
662.423730
923.429275
881.852883
452.328990
733.240856
547.094519
330.177788
854.592721
287.797181
765.216054
629.810440
841.148039
551.254571
879.962739
523.570111
187.337937
850.189323
833.779401
992.418790
253.780692
688.524497
56.055099
362.486272
43.255970
473.740604
344.359402
21.141614
477.924956
960.658533
916.013839
553.642311
623.082263
839.443114
435.495194
75.411253
572.683970
982.589713
405.589041
427.276691
270.386893
170.805094
57.087130
111.534932
722.059666
937.049870
635.105043
909.397603
787.239192
468.884443
901.816392
41.019883
157.408939
957.871491
403.506155
200.664909
431.612095
747.865558
221.806523
909.537050
708.524091
137.820362
463.179362
331.606353
977.263476
898.674556
407.017606
549.947446
881.264269
812.606647
977.224137
151.651162
983.411741
34.311267
263.186094
705.471407
971.361137
898.291137
614.869009
758.600328
367.175579
516.685401
799.620212
524.584519
474.556891
203.126367
725.249428
906.168986
950.991925
947.055952
815.706036
659.516015
84.876313
278.885398
991.122368
62.139789
177.559953
398.139973
612.087234
58.824222
210.746619
589.311370
210.475384
194.158360
623.622637
473.661478
899.629767
594.983774
371.952614
514.498776
353.584102
739.128194
31.184176
153.204314
263.712712
505.741068
356.330681
988.962140
411.910054
307.322606
936.018092
227.616090
966.838622
20.894405
506.501488
957.960989
83.034194
684.061441
356.100962
695.121428
742.885663
566.847582
284.432798
953.361047
761.005942
908.055436
427.022525
660.635708
503.039209
798.975139
175.134484
856.623311
538.103332
206.318660
9.827624
801.816044
712.059728
366.158305
790.778185
123.969782
673.480911
726.796276
351.585872
640.319533
747.690681
858.087359
598.280521
830.724875
542.148800
954.381484
525.846303
285.034463
521.229065
810.279102
238.395510
282.235006
718.334537
665.418035
942.870715
221.373745
464.393174
118.005198
77.997055
2.496505
324.323858
87.824679
804.312550
36.383586
453.982985
595.090734
160.353368
127.463896
321.887010
511.939240
767.783428
69.577691
370.026599
366.063949
900.302566
912.175400
320.445432
426.148868
197.209862
841.674497
236.427969
435.605373
123.909503
954.762506
101.023407
66.780217
176.136251
565.416580
184.785416
254.133307
567.913086
509.109274
341.957987
372.225635
545.492860
795.940971
967.316370
705.846228
923.404868
289.203379
217.785468
691.188296
358.781070
587.812067
57.252245
259.083635
499.987466
377.697678
685.232503
697.197329
219.372175
921.660473
132.802701
343.281678
876.422978
233.826108
410.061896
52.559229
799.242688
594.847311
306.692536
367.155774
103.956584
648.650523
739.381409
649.449444
444.591494
706.697778
355.295672
367.996361
995.901157
573.081140
59.184657
354.682226
160.893207
116.436902
613.765862
660.880674
494.134579
298.998364
358.078002
713.506754
220.658837
490.880703
56.788432
97.081815
724.706811
466.850327
149.641045
523.949499
61.697638
456.333581
891.105273
165.654222
104.984103
630.486681
815.103667
549.575596
337.184460
170.399339
917.571958
333.085616
743.480479
976.756614
687.767843
904.373686
93.193515
301.533704
565.254359
587.328094
600.532069
923.332361
300.834848
821.190906
414.213063
357.623280
918.272721
138.919873
824.473607
67.913765
662.869372
886.171245
524.247346
553.974645
51.825467
629.231449
184.461325
866.929134
178.807044
521.645785
37.328472
96.379002
854.731402
780.808951
73.135615
542.499244
685.182636
166.329131
844.032949
250.436994
753.657225
444.565017
173.769354
54.492073
265.755923
587.982418
412.115353
184.028643
726.902291
236.588960
251.942408
389.771663
122.760205
776.189754
943.746307
174.585672
405.421202
128.207633
41.514805
584.228247
649.853418
78.843277
680.607249
504.584819
859.652228
753.742864
47.084063
544.834863
920.071995
891.117012
795.271858
673.729220
335.682029
969.041212
728.221293
601.437952
557.023629
140.336646
785.466595
283.925920
376.925606
37.409003
673.697583
499.685811
813.598757
617.443891
674.271482
219.019959
745.651523
715.786287
803.248206
395.504941
794.629564
483.855454
900.089761
654.281792
237.598318
947.173824
199.116654
157.670313
838.290836
994.388512
831.399533
173.972865
963.429723
559.620826
775.410816
520.453353
699.957472
560.877411
804.379273
76.883078
598.286414
478.076856
576.568888
411.885170
95.520746
250.840370
630.905129
841.172269
966.626658
434.153334
236.677210
761.256222
918.008789
136.766971
415.538013
155.607107
83.940794
614.654667
313.277420
922.231630
609.043178
144.676953
96.204495
572.472902
704.297779
871.615311
92.926254
404.255251
432.492722
897.305527
481.138329
30.779135
375.382383
57.707217
442.664305
470.903129
308.547587
73.569434
312.075398
275.174244
507.722769
548.752608
36.430466
425.731558
685.519579
451.968479
581.338664
769.460374
66.623146
894.616084
691.692004
675.666324
39.293036
787.896499
248.139226
743.590815
659.511810
341.065480
147.846066
92.004531
238.371006
628.984394
122.783666
613.753389
686.691611
565.447972
84.656518
995.239199
639.017406
396.731916
270.413443
146.740175
945.484525
306.843909
572.471733
631.004104
758.812388
153.810396
400.464477
825.435534
48.426480
92.156481
501.101857
87.719516
880.052980
749.241083
831.310332
539.564789
90.306562
979.156398
631.569320
328.677569
608.140792
754.352987
942.430959
294.832403
319.800958
27.087476
290.071601
958.818364
423.819392
560.485044
105.558539
369.303917
867.328952
678.030272
0.308021
626.141340
831.840669
400.772498
451.576873
880.267149
492.928979
952.678731
967.986666
372.981958
701.919814
799.296997
912.546748
792.226376
778.453394
544.116067
120.903945
386.594186
298.469054
63.334903
681.426588
618.270012
90.422379
971.498189
577.088376
514.241772
531.983233
682.646916
883.545688
399.312185
360.677187
883.853709
25.453525
192.517855
284.626207
477.030398
72.785004
777.555185
429.709128
40.771669
150.537144
131.628941
840.068666
63.083891
923.855317
618.522060
607.199958
44.759261
5.116246
905.669013
108.094165
686.542834
523.939024
198.516544
658.041023
101.027400
712.758315
190.024255
783.674315
596.304003
589.336441
144.351502
480.157712
614.789965
336.869358
764.783918
91.820363
409.654362
542.339104
521.529491
450.426031
692.876247
653.158432
290.494697
755.960138
577.013749
909.016758
363.160096
621.773010
914.133003
268.829108
729.867175
600.675837
792.768132
928.383719
258.716860
893.795532
641.142034
448.741115
677.469848
237.446037
38.077556
821.821350
717.603749
652.867521
158.690707
482.387667
744.687884
568.345070
24.726770
266.217374
18.771100
717.603017
919.375806
309.265798
473.563154
496.389555
218.282555
836.723250
118.162565
132.415558
105.552358
848.029740
733.091395
898.320490
776.413458
991.808255
792.116022
417.555491
440.549370
469.585869
655.001528
478.626926
291.407219
372.605276
131.494447
450.097927
854.992943
876.182331
18.442996
879.719713
142.399705
37.214096
597.322730
61.775511
346.479894
70.885884
558.165065
564.762449
907.609134
676.327630
697.178007
13.161492
524.357369
430.269402
911.481982
300.770826
422.077657
703.598004
718.326318
862.627027
173.183873
373.327845
341.253953
464.591092
745.933122
472.748400
914.689019
600.926065
348.930730
933.132015
480.645777
491.330435
970.346111
77.968507
553.105946
316.826005
148.854390
111.271011
881.588454
56.463524
787.598641
578.766461
69.625016
311.956009
9.035863
981.106998
612.726835
431.113520
684.705002
331.053153
293.740546
857.888875
704.380999
634.994500
322.479967
450.314120
107.742899
237.168985
51.240185
456.673629
170.300999
531.885962
948.004065
140.647110
609.854469
501.110010
457.473115
758.708860
612.381021
339.061569
815.172384
399.979661
917.828030
884.797400
711.935670
926.863893
865.904398
324.662505
357.977412
550.609400
655.715658
651.717959
408.498274
360.096656
286.712458
730.978242
810.410777
394.455358
968.147227
861.650962
851.128987
138.448226
393.536924
799.133052
279.095336
3.391393
300.243061
736.568451
762.100253
912.624082
75.630019
577.272636
312.603743
993.458049
462.070036
24.539413
920.321942
327.974434
349.201918
278.299354
878.583834
4.917576
930.017313
287.082108
365.014233
216.729771
18.060349
175.425009
611.185129
986.207576
37.075971
462.314116
124.655801
430.612894
261.447167
403.751137
434.004287
561.690228
140.319588
196.104540
474.314310
215.949607
773.377176
786.918054
209.407656
235.447212
811.457467
129.729598
563.421645
160.659385
408.028953
442.005479
165.576961
338.046265
729.087587
530.591193
554.776037
747.147936
706.016203
165.961166
733.355511
743.092174
628.275282
858.011312
173.705068
889.722449
261.762449
607.709355
451.412678
402.082036
803.813895
925.726988
618.031644
577.191070
712.645041
827.439300
812.638282
524.102507
957.168898
376.059928
684.761892
365.197850
818.065407
850.338853
703.244116
547.152993
380.930046
258.020153
294.300928
86.946249
423.981319
27.656439
830.038422
52.256601
885.667751
3.743490
941.979050
147.430200
611.452845
393.391727
549.512236
415.266740
319.118715
167.543880
992.457811
31.763756
994.983180
805.096093
555.866264
952.152078
181.156020
240.628155
317.349928
999.221426
90.967007
20.594043
546.374419
471.897054
278.614196
840.675347
558.843302
702.595515
868.331787
388.881724
754.852116
753.999537
392.625214
696.831166
901.429737
4.078059
90.222893
450.941973
419.344799
409.341608
618.485853
411.802610
441.105364
613.469032
216.898702
996.971628
565.621109
398.054722
237.599782
882.971037
397.276148
328.566790
903.565080
943.650567
800.463844
182.179276
784.325914
359.307146
884.774791
652.657701
748.188870
639.626907
406.657238
140.814084
336.458073
308.086974
144.892143
426.680966
759.028947
564.236942
836.022574
377.514800
976.039552
277.127938
990.983832
192.938253
274.099565
556.604942
590.992975
511.699348
439.575978
988.269124
840.266138
343.141059
931.919691
640.729981
525.320335
716.245605
0.037127
410.095126
368.903305
748.225997
49.722033
775.560543
889.040081
386.180105
83.647517
33.932223
812.861071
842.676464
598.169166
648.883645
220.191264
574.208718
926.011583
211.175096
767.146971
200.111148
767.780037
358.139946
711.810495
207.356015
346.409070
552.076632
550.497074
278.328760
192.806613
75.817409
994.574364
192.843740
485.912534
363.477669
941.069737
535.634567
139.038211
830.109817
921.814673
222.685728
864.042040
734.675743
65.362192
462.211206
383.559388
285.553456
36.419923
309.570971
496.728552
803.566894
509.682119
264.508589
161.706840
221.492613
471.864605
508.115910
773.569246
22.361678
786.444669
966.375859
98.179087
781.019033
159.219598
584.091621
144.496702
100.289335
119.726188
283.534913
930.399152
41.540860
506.220642
794.441192
776.216604
571.582834
256.652398
159.775992
857.136290
293.072321
469.346963
353.864842
96.639215
979.029081
618.373431
258.346055
200.521694
90.238035
766.461965
974.090940
112.599713
552.906634
940.466798
210.778800
333.925667
99.686396
794.870422
478.422369
199.975731
914.596609
761.957283
130.374883
956.137469
268.177924
924.816075
732.354073
839.760758
181.468472
892.130064
696.897048
474.540793
361.477027
50.761890
571.180008
340.506108
669.135321
829.526063
541.027802
759.373356
595.988027
515.118742
871.973070
148.894661
455.585540
82.751870
482.820328
555.271936
877.622291
961.242697
755.247668
792.218901
723.199979
885.622551
748.356370
991.377903
810.438625
480.710442
831.138662
991.907097
372.840506
528.035709
466.447890
734.317533
578.797600
37.627898
74.823640
247.932920
867.153961
615.851443
7.306276
463.141987
130.970184
879.279347
612.036648
586.555724
962.031216
94.856975
141.827660
839.653508
56.099671
897.075328
631.872408
779.299651
782.697879
380.228777
770.677553
593.136504
860.939219
601.816214
585.043601
233.779724
129.851924
51.491491
968.097257
708.649523
89.119388
42.920897
956.582444
956.273349
658.772340
963.888721
419.415336
789.742524
843.168067
31.451984
376.298248
805.199283
126.308959
518.125908
644.852790
182.408631
415.201235
276.725198
961.708282
197.899114
656.953975
732.385835
791.035617
517.893194
334.202049
376.079218
751.672918
464.053973
427.570708
719.770175
172.703496
516.690097
762.691072
129.285940
472.963445
421.463411
93.174660
892.378781
211.205935
936.342727
923.830765
587.504183
741.542010
50.139724
105.630090
386.394799
232.548355
520.831325
663.119997
194.256636
718.730439
320.073972
926.642470
509.766056
837.967165
260.844519
885.845274
589.640083
724.898492
313.415982
309.410257
897.601988
830.106078
72.101329
26.887927
303.069523
493.564741
120.062587
195.448304
704.770676
56.405314
119.279068
292.274858
797.947324
169.418792
397.904949
184.342123
401.967147
918.736274
847.462120
596.223783
637.466713
167.536092
522.866253
147.232769
5.503257
783.710772
33.078042
595.143340
508.609264
346.494024
904.553598
406.211252
176.600102
976.654927
433.099179
479.669625
470.219668
553.161767
675.117928
174.990344
609.567081
794.396997
467.265202
407.514404
963.815789
865.170151
591.856527
365.782935
783.906425
439.318648
962.006718
421.373138
606.854740
484.872970
568.605907
612.357997
268.583743
601.683949
207.501337
777.193006
948.177973
112.054934
183.404258
124.778075
88.709861
616.503436
604.447699
558.929528
169.665203
279.565628
733.919872
779.232283
73.962624
201.185075
186.746688
37.778412
66.355226
778.603215
403.561348
850.261651
217.921862
365.568066
271.634788
824.776602
850.441036
840.240695
437.134599
119.024778
441.924644
644.635936
896.217785
390.102617
756.690869
79.622042
514.880691
845.400730
696.125479
119.328390
404.330258
865.790681
398.894018
138.250130
645.022965
472.856642
339.435205
831.769653
510.635055
405.790431
610.372867
914.196403
256.052081
828.294730
279.764468
527.686870
653.071332
130.205505
367.927564
90.205931
249.230283
809.852208
734.841866
145.448068
199.954824
491.532735
225.070110
714.835516
336.933465
921.195589
834.163906
741.263723
786.986270
233.057924
879.513854
432.009234
705.914567
218.949058
263.778886
216.549622
624.739489
874.151754
130.746025
880.791570
702.446483
410.510494
408.478439
355.517815
540.715998
776.406003
445.723746
789.946281
586.258211
180.565612
935.394349
786.213035
672.098348
160.464459
501.048551
9.031813
81.660047
335.212457
750.295536
868.646317
568.270381
629.809389
300.655550
274.184947
848.758447
564.434437
490.734569
473.497936
438.586191
621.480595
354.289505
141.032673
31.991088
762.767944
496.550489
572.707086
539.173947
942.274236
362.653367
125.432157
122.839848
298.047716
911.645193
794.938195
458.512175
412.693743
803.970008
540.172221
747.906200
554.265544
408.818538
316.176580
184.074932
709.474088
590.361528
32.833379
273.908525
81.096097
506.331315
712.494716
702.576692
860.620820
853.527389
734.567780
623.388764
350.077878
307.274866
162.562711
292.352114
669.928233
287.994869
415.191961
967.975949
199.640061
210.130156
426.488123
612.333805
14.100164
966.660344
360.240004
568.365708
375.478882
676.416585
752.440641
84.952971
266.778113
785.274020
358.861496
347.874210
291.605335
71.356211
50.450902
152.226155
924.883601
785.018682
775.614920
274.961479
92.293548
938.177631
567.313592
762.221781
226.172499
982.505553
730.197729
425.812561
192.635710
156.685852
38.146365
206.735874
123.346196
398.386370
775.101581
498.825079
74.802954
527.542222
583.778049
341.581067
312.816241
942.639545
689.455278
604.421576
13.995756
739.906180
756.647731
938.879357
524.924862
532.262650
213.840835
617.218410
470.440280
781.154428
379.440191
696.612780
763.659981
109.637920
122.425340
956.295690
266.323772
160.571705
163.031564
389.669968
558.958075
938.133145
888.495047
633.761029
465.675367
472.273095
975.342096
778.491608
414.912640
664.797374
382.913184
428.908396
404.703553
139.560915
367.787752
929.628416
671.823565
581.628588
546.846826
142.263845
362.783015
926.287017
838.876625
126.442995
35.924936
961.301965
82.738685
302.248708
121.873670
245.770249
691.918677
680.831745
183.903394
580.413723
314.592774
649.578761
52.686818
289.934870
428.070369
467.599458
954.732244
810.983553
896.507854
359.435797
950.544468
264.295606
289.064213
622.368032
845.924194
835.911039
764.631878
208.707208
762.198056
603.508503
335.150204
798.122992
564.810468
417.888890
100.371700
686.684138
663.659139
792.290376
367.515883
847.562534
372.704099
682.108657
497.141294
425.390917
972.043527
925.211663
892.990375
926.775771
736.195216
789.498228
286.211568
686.739683
53.793834
575.275781
309.107715
899.718028
411.186820
73.739593
108.425236
173.384875
677.248095
443.575441
971.507867
242.058563
861.464330
71.879567
928.742701
525.123469
864.169943
296.258583
372.686003
236.874042
978.367240
869.827297
662.264959
950.410767
795.038960
555.255334
877.186538
531.234175
344.753562
163.398105
217.973858
398.547396
738.673886
527.081574
298.265424
149.860705
600.821167
406.690660
323.245580
278.069262
850.266101
294.753446
520.127825
711.730431
366.633013
448.870525
236.853900
230.802956
745.129108
609.539903
467.676998
723.496348
479.367200
129.941957
673.907115
274.406159
685.197290
551.093652
805.640335
29.950852
714.491757
23.614192
428.498248
453.165643
550.695766
726.763672
603.026348
151.516932
133.454332
926.271928
429.586194
983.720433
221.025374
949.714019
695.450864
587.658387
398.584543
932.304764
818.461344
143.713652
541.844666
286.138341
867.210000
21.211866
416.080298
541.117115
295.618025
101.277588
92.210767
101.258359
131.228440
806.702524
124.872552
559.726687
259.868167
675.568318
286.490359
862.894515
827.085251
419.944691
789.166442
256.671445
403.665124
10.191816
206.385463
99.115987
597.850203
604.970007
31.420750
416.311546
748.683658
573.265417
702.449887
615.893658
594.477283
118.530185
157.010773
890.095308
219.807773
249.221540
991.353667
351.036212
55.924064
116.226219
910.762900
315.792230
791.794538
197.253259
178.686745
618.879788
617.197950
967.853187
875.551233
20.863073
978.045003
81.936696
119.979060
575.895205
686.906702
151.399810
992.206752
435.590361
724.665227
694.656639
51.484018
319.142509
813.186824
208.494791
209.237817
32.994596
457.716331
200.591484
384.030809
513.640394
316.817703
294.793708
829.432625
108.612241
492.046967
8.119369
727.492029
109.244917
975.972556
603.043262
130.107990
954.017558
684.979957
250.087050
529.912763
371.886659
401.486860
522.119515
807.477020
126.152087
216.776154
858.961038
445.294596
29.962977
67.455829
654.532413
62.957574
525.172160
855.123897
446.988383
38.812554
171.941600
741.782091
868.245178
280.553841
233.829058
876.364547
8.045869
343.073975
852.337103
611.089131
473.181964
806.354660
296.069088
723.269014
336.267423
667.955748
124.755874
858.386938
475.432767
250.907961
75.163091
334.393805
696.202557
105.126069
401.849634
350.734970
168.083643
927.021794
205.858867
615.072025
965.834347
377.800467
356.854116
834.079525
658.354308
590.683174
710.444072
666.400178
933.757149
562.781174
277.489309
406.939112
369.135834
573.558397
130.208126
705.403258
241.514144
254.964000
563.790195
716.946911
505.871962
638.953287
51.340716
202.074519
744.079355
453.190349
552.809489
912.162998
380.212142
758.668356
527.235023
346.046489
136.468823
884.089140
180.126014
794.823131
474.772313
890.570086
461.223309
408.529462
453.351261
738.712618
815.468574
822.487095
312.271014
945.676700
527.890353
553.785159
200.640700
91.680548
270.732070
706.512662
730.633835
322.072785
908.587181
474.713190
775.263135
461.396669
386.876188
155.475277
220.065025
914.111212
501.521766
356.533849
798.200351
681.647781
151.356980
272.972664
572.217867
612.580289
681.502126
25.569127
351.292906
496.970699
848.056223
663.563921
442.647399
375.946575
217.349080
643.288100
467.627124
488.081150
349.800761
198.260958
810.153935
258.387941
672.974149
585.417070
719.784611
59.850337
740.892348
939.849636
973.961548
242.414114
296.383484
772.161899
924.061895
447.740465
45.134563
496.279761
60.320753
726.636688
521.848889
411.613660
223.607387
369.905111
75.177581
666.254786
745.851687
292.526661
309.542885
213.478810
780.607811
659.343646
411.739768
590.761746
917.731587
84.713917
176.178816
637.516198
144.564253
917.071164
577.365834
118.525802
159.485277
873.749318
890.687701
83.547172
321.489782
935.822264
579.826933
381.810536
662.458951
101.675822
793.424196
886.066338
471.580933
868.601777
552.321124
217.432619
161.128438
861.864009
430.911429
941.736249
521.207655
842.651198
532.497994
438.939242
927.365114
708.676811
76.455439
71.929368
625.747974
653.821273
190.455170
785.233252
527.570591
81.142870
868.780424
849.060373
16.965133
448.607357
230.870909
679.424085
550.283178
24.295104
565.490423
21.864111
892.896881
117.811547
239.296731
54.025318
979.675557
670.208160
995.761567
500.883212
512.859357
528.259562
939.822454
440.224472
236.936372
16.277893
512.153839
862.684347
670.099167
702.609009
647.917598
197.669757
783.751879
516.698022
46.730130
800.717012
965.305379
277.601039
480.141097
515.588557
301.896143
45.631520
537.452668
194.793025
163.443067
776.749399
248.818343
143.118623
446.957559
244.579910
644.001835
959.816916
772.839472
583.824288
400.041388
9.775843
600.102181
912.195227
872.460190
270.201347
614.804236
520.377788
467.871105
398.556114
37.075810
514.601235
199.273126
2.381188
792.202274
679.414223
517.969745
94.098417
725.045743
55.422413
288.891442
888.488810
832.171812
537.709785
31.607432
279.129371
782.289696
675.609267
238.946287
555.129167
259.433555
638.987674
564.905011
859.535737
551.182901
437.365201
129.737084
165.987136
957.742989
597.608189
564.543250
994.818799
112.209423
763.816376
997.199987
904.411698
443.230598
515.169732
998.510115
168.276341
570.592145
287.401557
56.765150
402.763957
825.111342
88.372583
681.893328
607.401037
763.981850
920.839614
162.530204
23.415405
559.827288
727.435215
882.951142
111.010188
164.800416
12.688226
276.997324
122.543405
610.296415
841.540574
117.362203
722.505838
605.356950
114.562190
626.917535
48.587548
629.731922
625.427650
216.863889
200.324066
912.829206
273.629039
603.088023
737.940548
362.001622
284.981350
345.341585
125.983472
205.820964
507.871789
149.398877
765.648252
235.307004
32.350019
876.658440
400.107420
45.038244
153.655764
522.650825
655.334659
995.196338
640.013029
377.840496
600.553287
754.575218
4.758031
649.140836
384.307140
630.185681
866.004725
584.631206
543.014887
139.633764
187.719229
280.955434
501.635386
472.700579
626.297020
627.618858
678.521543
134.168808
777.017735
444.169795
369.475813
809.367754
320.828234
769.583234
854.405998
474.483999
292.234058
509.740656
469.680337
932.247087
887.581153
70.233624
686.822305
892.339184
719.374460
71.129445
522.524864
585.379184
655.760651
65.539751
725.012948
843.479880
346.495186
226.648334
316.180459
972.792205
854.267192
994.702002
106.961013
631.284926
438.871796
476.436827
440.652680
759.700031
246.020060
295.058678
234.184030
538.254118
804.799334
703.864366
470.501205
692.380486
774.097990
157.323510
584.719670
493.472449
228.452954
107.244534
78.851632
884.213605
172.784285
803.864580
727.693485
519.279470
30.512914
43.873943
492.071675
884.780105
38.575945
599.032689
516.065032
477.447742
75.469515
956.717711
237.147773
321.489575
251.776389
471.331802
859.743693
56.575723
175.196168
330.244897
748.956209
949.294158
487.568407
333.675879
442.766607
716.021361
440.920413
521.618239
600.234966
613.704698
325.482819
327.928451
132.984168
355.995733
371.802394
625.055844
240.775838
410.378339
224.088532
756.840869
887.826081
299.558048
713.558580
124.973853
621.047623
965.334969
596.305656
480.791315
21.910692
771.501824
811.036213
770.866901
720.795981
298.604619
104.542779
163.562588
14.625980
545.463193
685.180826
614.860946
159.167890
10.663645
942.789396
292.152058
366.659378
314.591790
917.207902
607.435216
724.970129
141.296434
364.276084
612.796210
440.854482
77.834664
737.770063
61.902104
43.169633
334.075718
542.693420
65.080325
105.577542
353.729632
835.947226
826.373523
652.334251
940.490006
989.936111
666.960231
485.953198
675.116937
281.821176
645.121088
685.780582
224.610572
937.273146
52.439960
539.202362
854.481047
659.875176
264.172491
995.777481
24.151260
876.968701
436.631963
101.985924
614.738764
498.534067
145.155557
948.814482
41.227486
210.235883
54.392024
394.957118
46.183108
880.765547
47.291369
986.673113
870.701658
714.251600
472.626311
545.818595
996.072776
117.747398
231.599176
220.683348
55.020543
284.039137
759.885710
909.501591
943.914313
24.058200
905.279071
968.065573
901.026901
341.911034
70.051497
515.765664
840.445101
215.207054
464.580146
881.672587
425.442937
518.972170
276.629705
471.626045
399.737717
323.921074
458.299158
270.439374
38.172673
930.925469
816.257968
34.245448
48.672867
47.857145
254.928796
103.693410
331.896281
14.814506
13.195000
275.810594
38.872706
918.474072
243.876166
939.899608
260.385106
313.927663
455.665272
100.830206
529.134718
920.245418
982.502794
954.577655
439.217588
259.132499
426.203700
838.955305
583.053572
884.502859
109.394678
621.226245
815.428328
925.652647
655.471694
864.101194
973.509792
910.400490
967.794605
305.406073
925.214996
980.989605
581.216668
964.087702
899.463676
825.092834
903.987310
159.848782
139.020497
359.652581
260.678988
668.155215
279.898000
243.181781
622.732870
719.115588
502.314280
48.936570
558.070892
85.367852
933.439428
667.465571
706.594097
748.867756
593.118218
362.065791
612.968949
566.628009
272.466280
580.763554
872.034083
197.681276
561.753158
453.250750
161.768978
461.216834
278.343584
65.756287
621.065616
417.364081
425.408868
881.744605
85.519295
705.306868
124.926386
708.252165
424.422455
627.240666
757.188735
982.493347
712.608518
690.628163
649.958918
419.202615
439.495918
243.077135
781.268406
52.464867
809.705145
53.734686
633.228421
681.739228
251.415962
194.981579
134.989977
413.184939
656.198413
413.333561
478.941226
277.264029
830.697642
904.350095
159.008633
916.216937
609.656962
283.935018
624.469102
34.079418
911.175684
381.657837
16.572765
623.784202
72.285999
666.531683
42.986817
511.781917
909.608819
824.255223
564.246785
719.313963
877.989909
197.475205
401.053190
129.405871
392.456784
536.043168
542.590810
48.655197
949.376729
21.532036
325.919225
780.074370
925.882131
484.927858
696.291308
535.539093
768.862877
320.760409
569.618510
680.038561
702.418247
586.191275
303.822763
774.704246
252.722958
346.809581
286.486163
162.331776
171.064803
850.732948
881.645739
49.054713
48.208152
282.698929
178.460583
440.664937
818.742097
721.051393
489.320133
768.118826
742.583429
815.239359
548.193196
668.465559
300.167217
244.484503
204.004652
69.030094
565.244913
773.623162
749.068656
267.663159
359.814437
52.891419
42.367404
612.537395
399.701000
328.853567
774.869171
570.765803
179.586514
656.514910
619.820516
227.794667
939.213839
798.281099
668.459603
757.955936
519.332492
157.779737
526.074761
261.915920
973.019096
74.267956
930.381480
273.186312
318.752460
134.386132
342.216407
883.997373
908.009294
91.285062
151.660531
267.823731
144.176481
194.027936
880.361127
543.877481
522.881503
655.230298
114.643284
702.468018
311.745207
734.463800
930.262685
250.959047
532.744899
598.722288
8.914982
52.077391
756.502025
534.989744
313.993311
729.521120
609.257700
244.374791
2.707432
928.010160
378.760922
344.923839
812.007532
286.770216
436.208901
963.668064
554.593948
580.385382
157.695999
434.955074
124.262862
680.577503
90.185371
238.906147
383.045520
401.930579
973.369947
313.308205
652.889625
506.114845
912.030494
661.804608
558.192236
668.532518
196.794351
872.185548
398.053638
806.052051
116.560338
400.761070
734.062211
495.321261
745.684909
546.069743
782.091477
181.893809
509.737807
336.685424
762.279190
667.433807
771.640498
886.542053
348.011309
861.825869
125.448199
731.056829
263.756447
98.818146
44.365034
916.646073
604.932991
956.395528
578.450680
163.125227
624.928046
775.245031
35.310775
22.981683
581.297083
151.871113
423.742753
315.359294
647.192374
169.427661
861.429037
429.283851
351.321470
371.166844
765.969275
113.600661
38.600650
537.609773
0.142713
386.611959
399.435641
125.590913
117.668788
663.192089
224.409058
162.033822
579.838161
829.342049
118.429350
158.288841
992.467277
743.357396
933.533872
27.778051
766.339080
514.830955
179.649164
190.081833
830.190248
826.841538
359.509494
691.619285
256.125388
710.830964
62.786128
22.094663
824.431625
101.386778
559.704436
824.574339
487.998737
959.140077
950.165251
605.667525
622.332165
174.574309
767.701348
202.170326
3.916358
886.130698
360.459167
996.383635
629.488094
293.993039
24.161686
395.827173
808.823994
203.810850
585.909006
639.014242
30.652388
945.418500
330.633526
286.777776
656.249464
393.419654
308.872439
480.681089
494.806433
868.576874
305.255428
982.805170
827.716951
255.420678
588.472695
450.049116
429.994988
356.174042
652.219442
433.911346
242.304740
12.678609
430.294980
871.792833
306.671648
454.456667
267.620006
115.495642
658.267516
853.529012
754.509883
688.919904
798.947512
85.143409
975.697680
455.196976
478.563064
284.570119
935.878065
973.369496
153.146993
241.133493
956.174666
980.863944
496.554171
544.647360
430.913060
926.549158
900.821403
83.132502
360.460504
143.126142
95.811112
790.755485
14.918975
402.482760
245.212151
282.538981
517.978403
903.479668
136.067993
272.488285
592.399571
935.015505
357.631695
568.097251
390.212481
836.194759
852.667370
326.090546
809.564255
5.814362
567.224039
765.738921
986.678306
63.778210
310.386281
417.591366
990.327368
211.207683
500.723868
350.787872
354.333825
596.534980
141.543356
369.252800
999.017741
386.755507
651.791781
516.996143
290.235174
787.859775
789.484429
882.634746
722.875279
147.116123
450.731997
113.087760
983.310882
303.399366
439.178306
792.875136
309.213728
6.402344
558.614056
295.892034
70.180554
869.000337
713.483400
60.507922
80.208020
214.207268
411.295793
434.541845
810.742248
552.839150
803.794646
809.759989
939.594657
455.586427
326.756131
229.829831
243.446201
116.240559
112.464577
966.321481
263.356683
563.196574
79.409240
246.667564
866.595941
518.587546
39.542699
175.809669
524.989890
598.156756
471.701703
595.170444
467.157093
185.185103
655.678366
547.365112
399.392371
66.974158
981.906958
210.134619
619.813308
785.701604
19.894607
559.407965
241.288030
346.650739
789.237796
484.734231
462.891298
901.702374
451.055712
726.247981
464.898947
530.464952
972.915545
331.494888
49.052498
12.458243
507.304557
574.042389
610.614999
979.006260
169.212832
77.772092
164.191363
824.891198
625.137204
563.583734
891.865356
607.044162
773.718353
511.678664
392.745765
793.612961
71.086629
634.033795
140.263699
860.324426
118.768026
603.154998
762.026799
569.823738
329.402978
226.925746
100.288690
302.318522
558.420634
149.341188
314.776766
65.725190
723.383577
925.391765
44.731450
892.596409
3.163856
208.922813
717.487607
628.301061
772.506547
609.352962
235.345222
546.224899
121.031627
628.090987
339.837860
192.118256
262.124782
480.101559
52.442681
380.892809
83.256556
814.469479
950.716547
412.659534
41.395225
51.005237
714.978056
599.815859
200.346425
29.754822
665.541049
923.730002
955.146587
710.272499
816.326411
958.310443
919.195312
533.814017
586.611504
691.701859
143.166979
821.956726
237.926758
264.198606
450.047713
577.764618
456.316862
712.172496
57.866177
508.759543
93.065304
141.122733
323.229022
43.781851
553.782267
364.624247
94.787088
268.760324
964.440106
295.133513
298.515145
629.981155
218.863515
253.661732
340.253654
35.189926
211.972175
259.448966
569.003943
798.583679
951.150824
712.170923
620.540405
189.077581
976.369529
70.588118
766.842199
432.686390
782.760614
824.708376
941.445932
875.825918
965.831109
264.674954
919.607769
519.613376
629.299200
14.394856
788.373700
593.739306
309.528370
86.888845
223.720460
528.391885
340.550577
563.974114
563.581811
552.522753
823.423080
132.585753
351.106431
774.573904
844.756676
971.646837
963.651485
821.126204
42.234955
730.493684
253.812594
824.995569
555.202060
195.258525
700.821487
521.033169
459.933479
620.429255
40.646544
89.232679
634.824112
829.020244
682.971985
944.352481
915.909089
906.692446
472.744366
256.459666
470.666560
36.326176
808.982418
294.089640
168.911930
160.088849
68.663543
13.668605
131.735686
32.315028
834.794809
173.970641
762.808713
88.607403
998.966211
318.010772
283.865928
699.787697
839.043940
743.799407
320.216953
879.690485
833.032087
955.041064
708.710728
516.004072
899.393545
624.619817
422.696518
372.137911
881.079482
893.363078
408.464087
690.061900
187.452717
577.376017
850.150749
256.116260
591.044622
981.886436
288.431288
425.839431
155.857077
51.240000
514.446834
154.823287
369.250772
798.312762
854.610985
208.294713
542.112169
174.827937
87.985197
375.144255
129.869001
796.695925
891.148327
29.262546
421.315741
313.844844
401.400456
302.395223
207.207922
809.864543
992.457123
394.660639
387.240560
842.607872
650.776899
978.285182
824.494308
939.208188
404.124613
980.351385
990.448188
918.571447
135.174672
359.698960
716.884208
989.785656
567.993672
258.996377
164.613593
655.978869
634.140632
294.482593
452.674794
525.288959
323.745139
873.990536
839.133804
725.145595
176.385759
46.341725
535.010138
168.842882
441.002364
922.250698
11.450754
91.779263
900.535880
835.945062
30.987450
304.660493
816.296447
21.435638
223.231939
951.471119
381.134598
940.116147
941.256775
949.128270
199.112524
105.870367
605.107139
833.253156
400.352960
57.781933
358.542115
724.098099
931.772469
197.675918
449.243694
108.158227
244.017643
984.253832
277.001108
685.020008
906.504530
288.451862
776.799270
807.040410
124.396924
807.786721
111.700902
940.693371
829.222358
334.932841
892.164489
210.356956
275.048989
833.421263
159.485226
474.161512
939.291630
764.592365
307.414668
339.644590
822.374298
665.956783
63.742689
754.146766
863.632701
512.986383
862.304993
107.650344
497.240215
139.306101
792.670352
403.744744
427.757963
569.469622
210.785154
552.154887
377.256342
322.486056
492.848257
206.478700
657.418897
385.012746
416.835656
932.467886
218.434008
576.320881
406.629398
157.725638
340.913246
714.044066
497.370228
163.287544
380.000849
561.112917
917.434310
243.633550
74.099299
779.739303
351.283895
571.339514
919.045404
143.954246
975.084259
346.803367
713.423868
185.869412
898.958255
90.680209
508.355468
391.806511
297.158910
165.774365
776.819257
713.994566
98.242250
995.253265
290.315447
504.871648
152.978903
631.228693
218.915714
650.349131
794.516236
598.916563
211.462047
711.950546
842.550114
285.561346
491.689849
193.834008
856.900860
410.735253
337.788254
831.985119
757.538621
51.212122
17.854530
656.496875
141.892332
526.209998
48.303386
439.051241
691.984363
825.122643
153.045807
790.226613
820.375908
443.361254
295.098261
973.354811
74.589946
514.013975
623.703941
869.106183
112.930538
835.165988
581.056729
955.480652
120.727334
72.746577
149.314660
977.628195
483.481831
487.102914
809.613313
241.020451
538.315036
827.467843
897.517326
680.207368
353.677841
945.820712
119.258609
45.662204
770.943355
272.304416
835.888817
591.319263
715.665670
130.987078
564.674074
790.255615
645.001053
188.378014
659.361798
757.931590
23.544002
240.418526
713.412242
144.271337
313.165104
862.726902
121.899531
796.646934
349.829815
931.512844
37.667385
888.144852
758.980687
935.184711
568.352219
112.658527
881.005423
687.610828
158.320732
651.948777
959.915244
994.209549
243.268040
675.580913
125.196626
807.942113
465.836528
770.197679
996.320128
125.198325
528.129269
19.864130
365.616852
241.541511
164.135466
678.781955
104.268412
286.034997
475.428889
454.098228
217.547841
513.096274
342.243079
976.528527
448.280984
910.595298
89.187054
329.286406
598.206125
247.507786
981.235184
558.121369
241.717334
224.503223
233.702281
366.913960
32.445336
699.538809
137.111639
28.765464
824.737134
665.240908
48.629594
190.353985
906.782419
212.765060
869.135941
11.050831
498.800057
344.564830
465.149058
716.347898
857.661104
807.392137
692.876424
305.942088
717.987434
782.063479
635.228494
316.193559
29.571264
616.463678
874.314927
271.288599
840.966901
108.017208
638.202559
873.412238
807.556017
775.314198
902.177702
632.293151
440.555106
950.807296
822.647136
347.337524
163.572355
691.783076
358.388355
662.372413
36.347906
823.537413
378.720310
894.009009
630.929550
71.596735
199.951097
348.916983
853.660214
835.179591
665.110542
883.231478
451.643269
539.425470
154.520076
292.610170
647.442678
792.722635
166.022407
454.998694
568.036833
68.200109
87.291845
8.591938
19.007404
909.938981
355.929462
182.579760
601.722057
714.317817
844.952173
638.069963
537.855229
223.672482
532.078972
168.784778
295.269217
732.030069
517.701762
148.929430
567.209660
182.812303
32.160908
18.852929
722.237773
186.680984
311.463099
369.680450
979.403619
477.485506
824.679145
547.440451
545.685615
911.970990
556.032389
564.693019
821.909970
911.961851
747.272779
423.632027
626.279667
592.224951
61.701990
164.134896
815.897433
593.780962
332.919674
111.166650
325.811031
850.621436
260.096081
893.020691
33.433739
292.256989
911.873620
755.671512
478.937973
223.336719
125.351962
458.341591
700.822225
950.031107
5.782042
246.507839
862.002097
561.814431
811.200859
683.912067
473.776282
558.473637
107.544093
100.055949
150.698588
169.246083
264.190845
966.596021
763.027045
597.110519
77.762671
88.838075
447.731954
337.858752
981.858767
481.165693
630.115740
893.732387
236.837205
109.053713
117.069105
362.189167
567.395304
817.891329
312.220275
573.177347
64.399169
174.222371
134.991778
875.600028
858.134437
608.768060
434.073664
965.678531
708.824009
584.772252
134.924613
973.014854
551.368273
897.951658
570.125373
629.130944
986.789734
17.857327
966.989696
968.648500
499.023020
597.105436
862.380886
735.860226
706.159149
979.449991
98.049393
273.554453
797.341320
410.269667
846.731800
861.740489
584.492038
981.723578
737.340516
442.626475
590.491637
171.414181
408.305005
299.315646
756.186433
543.229619
272.330500
307.554706
441.181277
842.455873
936.685651
427.971010
860.313200
903.675346
396.619510
359.336220
500.780782
259.000396
95.196446
206.939931
238.450386
193.245838
480.494384
35.791706
603.515506
327.226183
897.532195
188.007543
308.949760
634.872712
630.634019
899.441398
806.286892
38.939024
198.757044
562.473325
582.168643
471.087544
870.028031
23.349919
313.543416
806.713681
451.320929
173.856616
710.389027
847.940439
533.192836
211.169809
106.940834
628.389282
